{
 "cells": [
  {
   "cell_type": "code",
   "execution_count": 1,
   "metadata": {},
   "outputs": [],
   "source": [
    "from __future__ import absolute_import, division, print_function\n",
    "%matplotlib inline\n",
    "\n",
    "import os\n",
    "import numpy as np\n",
    "import PIL.Image as pil\n",
    "import matplotlib.pyplot as plt\n",
    "import time\n",
    "import pandas as pd\n",
    "import io\n",
    "\n",
    "import torch\n",
    "from torchvision import transforms\n",
    "\n",
    "import networks\n",
    "from utils import download_model_if_doesnt_exist\n",
    "import sys\n",
    "ros_path = '/opt/ros/kinetic/lib/python2.7/dist-packages'\n",
    "if ros_path in sys.path:\n",
    "    sys.path.remove(ros_path)\n",
    "import cv2\n",
    "\n",
    "import yaml\n",
    "from layers import *"
   ]
  },
  {
   "cell_type": "code",
   "execution_count": 2,
   "metadata": {},
   "outputs": [],
   "source": [
    "model_name = \"mono+stereo_1024x320\"\n",
    "data_dir = \"/media/ferdyan/LocalDiskE/Hasil/dataset/Final/7/\"\n",
    "\n",
    "# download_model_if_doesnt_exist(model_name)\n",
    "encoder_path = os.path.join(\"models\", model_name, \"encoder.pth\")\n",
    "depth_decoder_path = os.path.join(\"models\", model_name, \"depth.pth\")\n",
    "\n",
    "# LOADING PRETRAINED MODEL\n",
    "encoder = networks.ResnetEncoder(18, False).cuda()\n",
    "depth_decoder = networks.DepthDecoder(num_ch_enc=encoder.num_ch_enc, scales=range(4)).cuda()\n",
    "\n",
    "loaded_dict_enc = torch.load(encoder_path)\n",
    "filtered_dict_enc = {k: v for k, v in loaded_dict_enc.items() if k in encoder.state_dict()}\n",
    "encoder.load_state_dict(filtered_dict_enc)\n",
    "\n",
    "depth_decoder.load_state_dict(torch.load(depth_decoder_path))\n",
    "\n",
    "encoder.eval()\n",
    "depth_decoder.eval()\n",
    "\n",
    "pose_encoder_path = os.path.join(\"models\", model_name, \"pose_encoder.pth\")\n",
    "pose_decoder_path = os.path.join(\"models\", model_name, \"pose.pth\")\n",
    "\n",
    "pose_encoder = networks.ResnetEncoder(18, False, 2).cuda()\n",
    "pose_encoder.load_state_dict(torch.load(pose_encoder_path))\n",
    "\n",
    "pose_decoder = networks.PoseDecoder(pose_encoder.num_ch_enc, 1, 2).cuda()\n",
    "pose_decoder.load_state_dict(torch.load(pose_decoder_path))\n",
    "\n",
    "pose_encoder.eval()\n",
    "pose_decoder.eval();\n",
    "\n",
    "feed_height = loaded_dict_enc['height']\n",
    "feed_width = loaded_dict_enc['width']\n",
    "\n",
    "# Prediction pose\n",
    "prev_img = None\n",
    "orig = np.array([0, 0, 0, 1])\n",
    "pos_pred = [orig.copy()]\n",
    "pos_pred_g = [orig.copy()]\n",
    "\n",
    "image_dir = data_dir+'/Images'\n",
    "T_pred = []\n",
    "T_pr = np.eye(4)\n",
    "T_guanyipr = np.eye(4)"
   ]
  },
  {
   "cell_type": "code",
   "execution_count": 3,
   "metadata": {},
   "outputs": [
    {
     "name": "stdout",
     "output_type": "stream",
     "text": [
      "image_path =  /media/ferdyan/LocalDiskE/Hasil/dataset/Final/7//Images/0000.png\n",
      "T_pr =  [[1. 0. 0. 0.]\n",
      " [0. 1. 0. 0.]\n",
      " [0. 0. 1. 0.]\n",
      " [0. 0. 0. 1.]]\n",
      "\n",
      "image_path =  /media/ferdyan/LocalDiskE/Hasil/dataset/Final/7//Images/0001.png\n",
      "T_pr =  [[ 9.99999881e-01  1.08534667e-04 -4.71180800e-04 -1.08447287e-03]\n",
      " [-1.08628657e-04  1.00000000e+00 -2.46539275e-04 -3.19508763e-05]\n",
      " [ 4.71159146e-04  2.46580661e-04  9.99999881e-01  3.38587947e-02]\n",
      " [ 0.00000000e+00  0.00000000e+00  0.00000000e+00  1.00000000e+00]]\n",
      "\n",
      "image_path =  /media/ferdyan/LocalDiskE/Hasil/dataset/Final/7//Images/0002.png\n",
      "T_pr =  [[ 9.99999615e-01 -4.00282370e-04 -7.73079662e-04 -1.66692426e-03]\n",
      " [ 3.99272809e-04  9.99999075e-01 -1.32227040e-03 -3.10630237e-04]\n",
      " [ 7.73628902e-04  1.32194707e-03  9.99998818e-01  8.14501121e-02]\n",
      " [ 0.00000000e+00  0.00000000e+00  0.00000000e+00  1.00000000e+00]]\n",
      "\n",
      "image_path =  /media/ferdyan/LocalDiskE/Hasil/dataset/Final/7//Images/0003.png\n",
      "T_pr =  [[ 9.99999604e-01 -1.22637577e-04 -8.54109655e-04 -2.55846506e-03]\n",
      " [ 1.20638046e-04  9.99997229e-01 -2.35172621e-03 -3.43672739e-04]\n",
      " [ 8.54404354e-04  2.35160894e-03  9.99996857e-01  1.12194070e-01]\n",
      " [ 0.00000000e+00  0.00000000e+00  0.00000000e+00  1.00000000e+00]]\n",
      "\n",
      "image_path =  /media/ferdyan/LocalDiskE/Hasil/dataset/Final/7//Images/0004.png\n",
      "T_pr =  [[ 9.99998880e-01 -7.99722096e-04 -1.25418757e-03 -3.58564673e-03]\n",
      " [ 7.95508840e-04  9.99994014e-01 -3.35478831e-03 -1.24216355e-03]\n",
      " [ 1.25689066e-03  3.35376573e-03  9.99993561e-01  1.86210176e-01]\n",
      " [ 0.00000000e+00  0.00000000e+00  0.00000000e+00  1.00000000e+00]]\n",
      "\n",
      "image_path =  /media/ferdyan/LocalDiskE/Hasil/dataset/Final/7//Images/0005.png\n",
      "T_pr =  [[ 9.99998232e-01 -9.28541822e-04 -1.64154395e-03 -4.69066165e-03]\n",
      " [ 9.20997383e-04  9.99988974e-01 -4.59630170e-03 -1.97681020e-03]\n",
      " [ 1.64581788e-03  4.59476168e-03  9.99988075e-01  2.43163357e-01]\n",
      " [ 0.00000000e+00  0.00000000e+00  0.00000000e+00  1.00000000e+00]]\n",
      "\n",
      "image_path =  /media/ferdyan/LocalDiskE/Hasil/dataset/Final/7//Images/0006.png\n",
      "T_pr =  [[ 0.99999675 -0.00117265 -0.00226313 -0.0057114 ]\n",
      " [ 0.00115984  0.99998326 -0.00566142 -0.00238059]\n",
      " [ 0.00226975  0.00565876  0.99998138  0.28172771]\n",
      " [ 0.          0.          0.          1.        ]]\n",
      "\n",
      "image_path =  /media/ferdyan/LocalDiskE/Hasil/dataset/Final/7//Images/0007.png\n",
      "T_pr =  [[ 0.99999521 -0.00112865 -0.00288652 -0.00695504]\n",
      " [ 0.0011078   0.99997327 -0.0072166  -0.00294698]\n",
      " [ 0.0028946   0.00721335  0.99996974  0.32228819]\n",
      " [ 0.          0.          0.          1.        ]]\n",
      "\n",
      "image_path =  /media/ferdyan/LocalDiskE/Hasil/dataset/Final/7//Images/0008.png\n",
      "T_pr =  [[ 9.99995961e-01 -9.17338732e-04 -2.68855174e-03 -7.75350391e-03]\n",
      " [ 8.93291646e-04  9.99959547e-01 -8.93579571e-03 -2.94205154e-03]\n",
      " [ 2.69665148e-03  8.93334053e-03  9.99956353e-01  3.39367679e-01]\n",
      " [ 0.00000000e+00  0.00000000e+00  0.00000000e+00  1.00000000e+00]]\n",
      "\n",
      "image_path =  /media/ferdyan/LocalDiskE/Hasil/dataset/Final/7//Images/0009.png\n",
      "T_pr =  [[ 0.99999126 -0.00191757 -0.00371744 -0.00935819]\n",
      " [ 0.00187724  0.99993953 -0.01082445 -0.00553413]\n",
      " [ 0.00373798  0.01081737  0.99993438  0.44553174]\n",
      " [ 0.          0.          0.          1.        ]]\n",
      "\n",
      "image_path =  /media/ferdyan/LocalDiskE/Hasil/dataset/Final/7//Images/0010.png\n",
      "T_pr =  [[ 0.99999296 -0.00133514 -0.00351316 -0.01015385]\n",
      " [ 0.00129166  0.99992272 -0.01235298 -0.00552521]\n",
      " [ 0.00352939  0.01234834  0.99991741  0.4586604 ]\n",
      " [ 0.          0.          0.          1.        ]]\n",
      "\n",
      "image_path =  /media/ferdyan/LocalDiskE/Hasil/dataset/Final/7//Images/0011.png\n",
      "T_pr =  [[ 0.99999299 -0.00146289 -0.0034557  -0.01051297]\n",
      " [ 0.00141653  0.9999093  -0.0133829  -0.00580573]\n",
      " [ 0.00347497  0.01337789  0.99990435  0.48280462]\n",
      " [ 0.          0.          0.          1.        ]]\n",
      "\n",
      "image_path =  /media/ferdyan/LocalDiskE/Hasil/dataset/Final/7//Images/0012.png\n",
      "T_pr =  [[ 9.99995270e-01 -9.73593470e-04 -2.93494859e-03 -1.13907078e-02]\n",
      " [ 9.29840009e-04  9.99888735e-01 -1.48773492e-02 -6.02752548e-03]\n",
      " [ 2.94910961e-03  1.48745338e-02  9.99884893e-01  5.02519125e-01]\n",
      " [ 0.00000000e+00  0.00000000e+00  0.00000000e+00  1.00000000e+00]]\n",
      "\n",
      "image_path =  /media/ferdyan/LocalDiskE/Hasil/dataset/Final/7//Images/0013.png\n",
      "T_pr =  [[ 9.99996968e-01  5.25863476e-05 -2.49566293e-03 -1.21764654e-02]\n",
      " [-9.44781393e-05  9.99858883e-01 -1.67919877e-02 -6.36596033e-03]\n",
      " [ 2.49444522e-03  1.67921595e-02  9.99855787e-01  5.19801237e-01]\n",
      " [ 0.00000000e+00  0.00000000e+00  0.00000000e+00  1.00000000e+00]]\n",
      "\n",
      "image_path =  /media/ferdyan/LocalDiskE/Hasil/dataset/Final/7//Images/0014.png\n",
      "T_pr =  [[ 9.99997511e-01 -1.82268974e-04 -2.25852379e-03 -1.24024188e-02]\n",
      " [ 1.41146948e-04  9.99834339e-01 -1.81943681e-02 -6.82084687e-03]\n",
      " [ 2.26147534e-03  1.81939896e-02  9.99831813e-01  5.44089950e-01]\n",
      " [ 0.00000000e+00  0.00000000e+00  0.00000000e+00  1.00000000e+00]]\n",
      "\n",
      "image_path =  /media/ferdyan/LocalDiskE/Hasil/dataset/Final/7//Images/0015.png\n",
      "T_pr =  [[ 9.99998625e-01  4.48819664e-04 -1.63299991e-03 -1.29079775e-02]\n",
      " [-4.81992987e-04  9.99792086e-01 -2.03773967e-02 -7.86125807e-03]\n",
      " [ 1.62351444e-03  2.03781389e-02  9.99790878e-01  5.84323477e-01]\n",
      " [ 0.00000000e+00  0.00000000e+00  0.00000000e+00  1.00000000e+00]]\n",
      "\n",
      "image_path =  /media/ferdyan/LocalDiskE/Hasil/dataset/Final/7//Images/0016.png\n",
      "T_pr =  [[ 0.99999797  0.0015368  -0.00133456 -0.01369235]\n",
      " [-0.00156633  0.99974719 -0.02242343 -0.00828802]\n",
      " [ 0.00129975  0.02242545  0.99974752  0.60578897]\n",
      " [ 0.          0.          0.          1.        ]]\n",
      "\n",
      "image_path =  /media/ferdyan/LocalDiskE/Hasil/dataset/Final/7//Images/0017.png\n",
      "T_pr =  [[ 9.99998428e-01  1.54050096e-03 -9.44364313e-04 -1.44753042e-02]\n",
      " [-1.56224045e-03  9.99722674e-01 -2.34899211e-02 -1.00750403e-02]\n",
      " [ 9.07909814e-04  2.34913413e-02  9.99723462e-01  6.63827136e-01]\n",
      " [ 0.00000000e+00  0.00000000e+00  0.00000000e+00  1.00000000e+00]]\n",
      "\n",
      "image_path =  /media/ferdyan/LocalDiskE/Hasil/dataset/Final/7//Images/0018.png\n",
      "T_pr =  [[ 9.99999037e-01  1.19020235e-03 -8.08134862e-04 -1.53495044e-02]\n",
      " [-1.20956641e-03  9.99700580e-01 -2.44308255e-02 -1.18979799e-02]\n",
      " [ 7.78823905e-04  2.44317629e-02  9.99701006e-01  7.18910794e-01]\n",
      " [ 0.00000000e+00  0.00000000e+00  0.00000000e+00  1.00000000e+00]]\n",
      "\n",
      "image_path =  /media/ferdyan/LocalDiskE/Hasil/dataset/Final/7//Images/0019.png\n",
      "T_pr =  [[ 9.99997967e-01  9.49914867e-04 -1.82115805e-03 -1.66743873e-02]\n",
      " [-9.95191924e-04  9.99685596e-01 -2.50450506e-02 -1.53614652e-02]\n",
      " [ 1.79680071e-03  2.50468003e-02  9.99684461e-01  8.11458878e-01]\n",
      " [ 0.00000000e+00  0.00000000e+00  0.00000000e+00  1.00000000e+00]]\n",
      "\n",
      "image_path =  /media/ferdyan/LocalDiskE/Hasil/dataset/Final/7//Images/0020.png\n",
      "T_pr =  [[ 9.99995876e-01  8.71855744e-04 -2.74802649e-03 -1.78682476e-02]\n",
      " [-9.41462311e-04  9.99675753e-01 -2.54377929e-02 -1.67608608e-02]\n",
      " [ 2.72496429e-03  2.54402620e-02  9.99672397e-01  8.50810756e-01]\n",
      " [ 0.00000000e+00  0.00000000e+00  0.00000000e+00  1.00000000e+00]]\n",
      "\n",
      "image_path =  /media/ferdyan/LocalDiskE/Hasil/dataset/Final/7//Images/0021.png\n",
      "T_pr =  [[ 0.99999281  0.00130858 -0.00357196 -0.01943847]\n",
      " [-0.00140066  0.99966323 -0.02590569 -0.0183021 ]\n",
      " [ 0.00353686  0.02591048  0.99965781  0.89544018]\n",
      " [ 0.          0.          0.          1.        ]]\n",
      "\n",
      "image_path =  /media/ferdyan/LocalDiskE/Hasil/dataset/Final/7//Images/0022.png\n",
      "T_pr =  [[ 9.99989871e-01  6.33659782e-04 -4.47681988e-03 -2.10714298e-02]\n",
      " [-7.46464094e-04  9.99680929e-01 -2.52424064e-02 -2.00120937e-02]\n",
      " [ 4.45941890e-03  2.52454895e-02  9.99671167e-01  9.44214827e-01]\n",
      " [ 0.00000000e+00  0.00000000e+00  0.00000000e+00  1.00000000e+00]]\n",
      "\n",
      "image_path =  /media/ferdyan/LocalDiskE/Hasil/dataset/Final/7//Images/0023.png\n",
      "T_pr =  [[ 9.99986566e-01  2.98852171e-04 -5.19598778e-03 -2.28193786e-02]\n",
      " [-4.27381759e-04  9.99693398e-01 -2.47511391e-02 -2.14595872e-02]\n",
      " [ 5.18702705e-03  2.47530337e-02  9.99679994e-01  9.89571383e-01]\n",
      " [ 0.00000000e+00  0.00000000e+00  0.00000000e+00  1.00000000e+00]]\n",
      "\n",
      "image_path =  /media/ferdyan/LocalDiskE/Hasil/dataset/Final/7//Images/0024.png\n",
      "T_pr =  [[ 9.99981462e-01  4.00382087e-04 -6.09231325e-03 -2.49053710e-02]\n",
      " [-5.51583407e-04  9.99691258e-01 -2.48353330e-02 -2.33980880e-02]\n",
      " [ 6.08051771e-03  2.48382418e-02  9.99672833e-01  1.04998899e+00]\n",
      " [ 0.00000000e+00  0.00000000e+00  0.00000000e+00  1.00000000e+00]]\n",
      "\n"
     ]
    },
    {
     "name": "stdout",
     "output_type": "stream",
     "text": [
      "image_path =  /media/ferdyan/LocalDiskE/Hasil/dataset/Final/7//Images/0025.png\n",
      "T_pr =  [[ 9.99980662e-01  1.67988253e-04 -6.22906890e-03 -2.59413281e-02]\n",
      " [-3.21886527e-04  9.99694363e-01 -2.47130938e-02 -2.40434507e-02]\n",
      " [ 6.22303257e-03  2.47146180e-02  9.99675037e-01  1.07759638e+00]\n",
      " [ 0.00000000e+00  0.00000000e+00  0.00000000e+00  1.00000000e+00]]\n",
      "\n",
      "image_path =  /media/ferdyan/LocalDiskE/Hasil/dataset/Final/7//Images/0026.png\n",
      "T_pr =  [[ 9.99982386e-01  4.27344721e-04 -5.93595762e-03 -2.69593385e-02]\n",
      " [-5.79093004e-04  9.99672260e-01 -2.55870742e-02 -2.46781173e-02]\n",
      " [ 5.92308866e-03  2.55900546e-02  9.99654840e-01  1.10810630e+00]\n",
      " [ 0.00000000e+00  0.00000000e+00  0.00000000e+00  1.00000000e+00]]\n",
      "\n",
      "image_path =  /media/ferdyan/LocalDiskE/Hasil/dataset/Final/7//Images/0027.png\n",
      "T_pr =  [[ 9.99985678e-01  8.53601790e-04 -5.30122546e-03 -2.76850846e-02]\n",
      " [-9.96060090e-04  9.99636664e-01 -2.69289769e-02 -2.57702674e-02]\n",
      " [ 5.27632570e-03  2.69338649e-02  9.99623188e-01  1.15021042e+00]\n",
      " [ 0.00000000e+00  0.00000000e+00  0.00000000e+00  1.00000000e+00]]\n",
      "\n",
      "image_path =  /media/ferdyan/LocalDiskE/Hasil/dataset/Final/7//Images/0028.png\n",
      "T_pr =  [[ 9.99989327e-01 -9.62420123e-04 -4.53498623e-03 -2.81726340e-02]\n",
      " [ 8.41820952e-04  9.99647723e-01 -2.65208971e-02 -2.68933682e-02]\n",
      " [ 4.55892684e-03  2.65167877e-02  9.99637887e-01  1.18903980e+00]\n",
      " [ 0.00000000e+00  0.00000000e+00  0.00000000e+00  1.00000000e+00]]\n",
      "\n",
      "image_path =  /media/ferdyan/LocalDiskE/Hasil/dataset/Final/7//Images/0029.png\n",
      "T_pr =  [[ 9.99990272e-01  1.10310757e-03 -4.28121516e-03 -2.94889237e-02]\n",
      " [-1.22164471e-03  9.99613008e-01 -2.77853854e-02 -2.75720159e-02]\n",
      " [ 4.24891917e-03  2.77903377e-02  9.99604656e-01  1.21760432e+00]\n",
      " [ 0.00000000e+00  0.00000000e+00  0.00000000e+00  1.00000000e+00]]\n",
      "\n",
      "image_path =  /media/ferdyan/LocalDiskE/Hasil/dataset/Final/7//Images/0030.png\n",
      "T_pr =  [[ 0.99999497 -0.00147976 -0.00282211 -0.0301026 ]\n",
      " [ 0.00140436  0.99964665 -0.02653874 -0.03136756]\n",
      " [ 0.0028604   0.02653464  0.99964371  1.31683796]\n",
      " [ 0.          0.          0.          1.        ]]\n",
      "\n",
      "image_path =  /media/ferdyan/LocalDiskE/Hasil/dataset/Final/7//Images/0031.png\n",
      "T_pr =  [[ 9.99995639e-01 -4.23663202e-04 -2.94833062e-03 -3.14688443e-02]\n",
      " [ 3.45205813e-04  9.99646982e-01 -2.65620889e-02 -3.33845415e-02]\n",
      " [ 2.95855807e-03  2.65609377e-02  9.99642733e-01  1.37382009e+00]\n",
      " [ 0.00000000e+00  0.00000000e+00  0.00000000e+00  1.00000000e+00]]\n",
      "\n",
      "image_path =  /media/ferdyan/LocalDiskE/Hasil/dataset/Final/7//Images/0032.png\n",
      "T_pr =  [[ 0.99999571 -0.00238211 -0.00175425 -0.03254224]\n",
      " [ 0.00233582  0.99966069 -0.02593961 -0.036893  ]\n",
      " [ 0.00181548  0.02593536  0.9996619   1.47187858]\n",
      " [ 0.          0.          0.          1.        ]]\n",
      "\n",
      "image_path =  /media/ferdyan/LocalDiskE/Hasil/dataset/Final/7//Images/0033.png\n",
      "T_pr =  [[ 0.99999638 -0.00215099 -0.00168916 -0.03377458]\n",
      " [ 0.00210489  0.99963735 -0.02684354 -0.03851061]\n",
      " [ 0.00174633  0.02683985  0.99963814  1.52636495]\n",
      " [ 0.          0.          0.          1.        ]]\n",
      "\n",
      "image_path =  /media/ferdyan/LocalDiskE/Hasil/dataset/Final/7//Images/0034.png\n",
      "T_pr =  [[ 0.99999591 -0.00234053 -0.00172558 -0.03488085]\n",
      " [ 0.00229079  0.99959713 -0.02828709 -0.04137606]\n",
      " [ 0.00179113  0.02828298  0.99959824  1.60411519]\n",
      " [ 0.          0.          0.          1.        ]]\n",
      "\n",
      "image_path =  /media/ferdyan/LocalDiskE/Hasil/dataset/Final/7//Images/0035.png\n",
      "T_pr =  [[ 9.99995870e-01 -2.57991855e-03 -1.38666952e-03 -3.57447542e-02]\n",
      " [ 2.53752706e-03  9.99554147e-01 -2.97479067e-02 -4.27882732e-02]\n",
      " [ 1.46283126e-03  2.97442246e-02  9.99556357e-01  1.64833239e+00]\n",
      " [ 0.00000000e+00  0.00000000e+00  0.00000000e+00  1.00000000e+00]]\n",
      "\n",
      "image_path =  /media/ferdyan/LocalDiskE/Hasil/dataset/Final/7//Images/0036.png\n",
      "T_pr =  [[ 0.99999588 -0.00206834 -0.00207642 -0.03779778]\n",
      " [ 0.00200219  0.9995056  -0.03137638 -0.0449271 ]\n",
      " [ 0.00214034  0.03137204  0.99950538  1.70248941]\n",
      " [ 0.          0.          0.          1.        ]]\n",
      "\n",
      "image_path =  /media/ferdyan/LocalDiskE/Hasil/dataset/Final/7//Images/0037.png\n",
      "T_pr =  [[ 0.99999556 -0.00227963 -0.00202043 -0.0384221 ]\n",
      " [ 0.00221416  0.9994905  -0.03183997 -0.04531963]\n",
      " [ 0.00209202  0.03183531  0.99949083  1.7276016 ]\n",
      " [ 0.          0.          0.          1.        ]]\n",
      "\n",
      "image_path =  /media/ferdyan/LocalDiskE/Hasil/dataset/Final/7//Images/0038.png\n",
      "T_pr =  [[ 9.99996218e-01 -1.28477020e-03 -2.52275806e-03 -3.98653638e-02]\n",
      " [ 1.20170001e-03  9.99465582e-01 -3.26658279e-02 -4.59176914e-02]\n",
      " [ 2.56342568e-03  3.26626180e-02  9.99463027e-01  1.75205820e+00]\n",
      " [ 0.00000000e+00  0.00000000e+00  0.00000000e+00  1.00000000e+00]]\n",
      "\n",
      "image_path =  /media/ferdyan/LocalDiskE/Hasil/dataset/Final/7//Images/0039.png\n",
      "T_pr =  [[ 9.99996852e-01 -4.01828128e-04 -2.55693568e-03 -4.09534674e-02]\n",
      " [ 3.14337694e-04  9.99417191e-01 -3.41334322e-02 -4.60432268e-02]\n",
      " [ 2.56919296e-03  3.41324664e-02  9.99413901e-01  1.76832157e+00]\n",
      " [ 0.00000000e+00  0.00000000e+00  0.00000000e+00  1.00000000e+00]]\n",
      "\n",
      "image_path =  /media/ferdyan/LocalDiskE/Hasil/dataset/Final/7//Images/0040.png\n",
      "T_pr =  [[ 9.99994554e-01 -8.80566342e-04 -3.24034009e-03 -4.25603900e-02]\n",
      " [ 7.67844466e-04  9.99399861e-01 -3.46300324e-02 -4.74936679e-02]\n",
      " [ 3.26892376e-03  3.46272971e-02  9.99394834e-01  1.81154228e+00]\n",
      " [ 0.00000000e+00  0.00000000e+00  0.00000000e+00  1.00000000e+00]]\n",
      "\n",
      "image_path =  /media/ferdyan/LocalDiskE/Hasil/dataset/Final/7//Images/0041.png\n",
      "T_pr =  [[ 9.99994613e-01 -1.02744099e-03 -3.18213513e-03 -4.34069215e-02]\n",
      " [ 9.13576519e-04  9.99366199e-01 -3.55844882e-02 -4.79270839e-02]\n",
      " [ 3.21671624e-03  3.55813306e-02  9.99361473e-01  1.83506698e+00]\n",
      " [ 0.00000000e+00  0.00000000e+00  0.00000000e+00  1.00000000e+00]]\n",
      "\n",
      "image_path =  /media/ferdyan/LocalDiskE/Hasil/dataset/Final/7//Images/0042.png\n",
      "T_pr =  [[ 9.99995824e-01 -3.29534324e-04 -2.93416675e-03 -4.47306918e-02]\n",
      " [ 2.20621862e-04  9.99313365e-01 -3.70494066e-02 -4.80025678e-02]\n",
      " [ 2.94438398e-03  3.70485449e-02  9.99308968e-01  1.85035112e+00]\n",
      " [ 0.00000000e+00  0.00000000e+00  0.00000000e+00  1.00000000e+00]]\n",
      "\n",
      "image_path =  /media/ferdyan/LocalDiskE/Hasil/dataset/Final/7//Images/0043.png\n",
      "T_pr =  [[ 9.99993710e-01  1.30507250e-03 -3.35379342e-03 -4.61742123e-02]\n",
      " [-1.43446770e-03  9.99242752e-01 -3.88811878e-02 -4.81506136e-02]\n",
      " [ 3.30054810e-03  3.88856909e-02  9.99238033e-01  1.86148236e+00]\n",
      " [ 0.00000000e+00  0.00000000e+00  0.00000000e+00  1.00000000e+00]]\n",
      "\n",
      "image_path =  /media/ferdyan/LocalDiskE/Hasil/dataset/Final/7//Images/0044.png\n",
      "T_pr =  [[ 9.99996802e-01 -5.25509562e-04 -2.55885251e-03 -4.65155707e-02]\n",
      " [ 4.27613715e-04  9.99272997e-01 -3.81206368e-02 -5.04665486e-02]\n",
      " [ 2.57707507e-03  3.81193430e-02  9.99269699e-01  1.91321558e+00]\n",
      " [ 0.00000000e+00  0.00000000e+00  0.00000000e+00  1.00000000e+00]]\n",
      "\n",
      "image_path =  /media/ferdyan/LocalDiskE/Hasil/dataset/Final/7//Images/0045.png\n",
      "T_pr =  [[ 9.99997051e-01  1.64715468e-04 -2.51107884e-03 -4.77829600e-02]\n",
      " [-2.64466294e-04  9.99208111e-01 -3.97871143e-02 -5.04832735e-02]\n",
      " [ 2.50260367e-03  3.97875832e-02  9.99204875e-01  1.92737789e+00]\n",
      " [ 0.00000000e+00  0.00000000e+00  0.00000000e+00  1.00000000e+00]]\n",
      "\n",
      "image_path =  /media/ferdyan/LocalDiskE/Hasil/dataset/Final/7//Images/0046.png\n",
      "T_pr =  [[ 9.99996587e-01 -3.69575742e-04 -2.65962918e-03 -4.88087658e-02]\n",
      " [ 2.63108873e-04  9.99202387e-01 -3.99299698e-02 -5.23358671e-02]\n",
      " [ 2.67233860e-03  3.99290477e-02  9.99198814e-01  1.97286863e+00]\n",
      " [ 0.00000000e+00  0.00000000e+00  0.00000000e+00  1.00000000e+00]]\n",
      "\n",
      "image_path =  /media/ferdyan/LocalDiskE/Hasil/dataset/Final/7//Images/0047.png\n",
      "T_pr =  [[ 9.99994466e-01 -8.98583541e-05 -3.38461636e-03 -5.00677176e-02]\n",
      " [-5.04502793e-05  9.99140751e-01 -4.14443244e-02 -5.27051751e-02]\n",
      " [ 3.38551269e-03  4.14441745e-02  9.99134996e-01  1.99066735e+00]\n",
      " [ 0.00000000e+00  0.00000000e+00  0.00000000e+00  1.00000000e+00]]\n",
      "\n",
      "image_path =  /media/ferdyan/LocalDiskE/Hasil/dataset/Final/7//Images/0048.png\n",
      "T_pr =  [[ 9.99993722e-01 -4.12548757e-04 -3.57786120e-03 -5.12622818e-02]\n",
      " [ 2.59054105e-04  9.99083249e-01 -4.28065870e-02 -5.35623330e-02]\n",
      " [ 3.59232759e-03  4.28052974e-02  9.99076880e-01  2.02064591e+00]\n",
      " [ 0.00000000e+00  0.00000000e+00  0.00000000e+00  1.00000000e+00]]\n",
      "\n",
      "image_path =  /media/ferdyan/LocalDiskE/Hasil/dataset/Final/7//Images/0049.png\n",
      "T_pr =  [[ 9.99977831e-01 -1.15471947e-03 -6.58384512e-03 -5.31420090e-02]\n",
      " [ 8.66119503e-04  9.99045336e-01 -4.36744823e-02 -5.72629066e-02]\n",
      " [ 6.62807899e-03  4.36677109e-02  9.99024036e-01  2.08680164e+00]\n",
      " [ 0.00000000e+00  0.00000000e+00  0.00000000e+00  1.00000000e+00]]\n",
      "\n"
     ]
    },
    {
     "name": "stdout",
     "output_type": "stream",
     "text": [
      "image_path =  /media/ferdyan/LocalDiskE/Hasil/dataset/Final/7//Images/0050.png\n",
      "T_pr =  [[ 9.99956850e-01 -1.47770555e-03 -9.18900904e-03 -5.45088899e-02]\n",
      " [ 1.06435885e-03  9.98994001e-01 -4.48290816e-02 -5.83997799e-02]\n",
      " [ 9.24609579e-03  4.48172657e-02  9.98952335e-01  2.11241952e+00]\n",
      " [ 0.00000000e+00  0.00000000e+00  0.00000000e+00  1.00000000e+00]]\n",
      "\n",
      "image_path =  /media/ferdyan/LocalDiskE/Hasil/dataset/Final/7//Images/0051.png\n",
      "T_pr =  [[ 9.99872777e-01 -6.66246515e-04 -1.59477759e-02 -5.64962656e-02]\n",
      " [-7.14850231e-05  9.98931344e-01 -4.62162412e-02 -6.11164842e-02]\n",
      " [ 1.59616116e-02  4.62113938e-02  9.98804105e-01  2.15911321e+00]\n",
      " [ 0.00000000e+00  0.00000000e+00  0.00000000e+00  1.00000000e+00]]\n",
      "\n",
      "image_path =  /media/ferdyan/LocalDiskE/Hasil/dataset/Final/7//Images/0052.png\n",
      "T_pr =  [[ 9.99808074e-01 -9.96288324e-04 -1.95755578e-02 -5.86271434e-02]\n",
      " [ 6.12041495e-05  9.98860965e-01 -4.77126561e-02 -6.32182386e-02]\n",
      " [ 1.96008828e-02  4.77021910e-02  9.98669241e-01  2.19762979e+00]\n",
      " [ 0.00000000e+00  0.00000000e+00  0.00000000e+00  1.00000000e+00]]\n",
      "\n",
      "image_path =  /media/ferdyan/LocalDiskE/Hasil/dataset/Final/7//Images/0053.png\n",
      "T_pr =  [[ 9.99687212e-01 -1.48274946e-03 -2.49714758e-02 -6.10376084e-02]\n",
      " [ 2.62047304e-04  9.98807546e-01 -4.88175387e-02 -6.59732210e-02]\n",
      " [ 2.50141684e-02  4.87956137e-02  9.98495465e-01  2.24260547e+00]\n",
      " [ 0.00000000e+00  0.00000000e+00  0.00000000e+00  1.00000000e+00]]\n",
      "\n",
      "image_path =  /media/ferdyan/LocalDiskE/Hasil/dataset/Final/7//Images/0054.png\n",
      "T_pr =  [[ 9.99583005e-01 -1.47360244e-03 -2.88433472e-02 -6.35960941e-02]\n",
      " [ 2.34710672e-05  9.98738395e-01 -5.02135395e-02 -6.79402126e-02]\n",
      " [ 2.88810383e-02  5.01918120e-02  9.98321905e-01  2.27861695e+00]\n",
      " [ 0.00000000e+00  0.00000000e+00  0.00000000e+00  1.00000000e+00]]\n",
      "\n",
      "image_path =  /media/ferdyan/LocalDiskE/Hasil/dataset/Final/7//Images/0055.png\n",
      "T_pr =  [[ 9.99446599e-01 -2.60149367e-04 -3.32661470e-02 -6.57791224e-02]\n",
      " [-1.48862446e-03  9.98617906e-01 -5.25345594e-02 -6.86746462e-02]\n",
      " [ 3.32339165e-02  5.25549060e-02  9.98064841e-01  2.29497123e+00]\n",
      " [ 0.00000000e+00  0.00000000e+00  0.00000000e+00  1.00000000e+00]]\n",
      "\n",
      "image_path =  /media/ferdyan/LocalDiskE/Hasil/dataset/Final/7//Images/0056.png\n",
      "T_pr =  [[ 9.99328927e-01 -3.57800935e-04 -3.66304547e-02 -6.72431598e-02]\n",
      " [-1.61342894e-03  9.98551887e-01 -5.37712235e-02 -6.94658247e-02]\n",
      " [ 3.65967289e-02  5.37941379e-02  9.97881163e-01  2.31457091e+00]\n",
      " [ 0.00000000e+00  0.00000000e+00  0.00000000e+00  1.00000000e+00]]\n",
      "\n",
      "image_path =  /media/ferdyan/LocalDiskE/Hasil/dataset/Final/7//Images/0057.png\n",
      "T_pr =  [[ 9.99101756e-01  4.97509148e-04 -4.23756795e-02 -6.95856454e-02]\n",
      " [-2.84181850e-03  9.98466699e-01 -5.52805402e-02 -7.06271142e-02]\n",
      " [ 4.22832838e-02  5.53512073e-02  9.97571195e-01  2.33703623e+00]\n",
      " [ 0.00000000e+00  0.00000000e+00  0.00000000e+00  1.00000000e+00]]\n",
      "\n",
      "image_path =  /media/ferdyan/LocalDiskE/Hasil/dataset/Final/7//Images/0058.png\n",
      "T_pr =  [[ 9.98914714e-01 -6.43206593e-04 -4.65752223e-02 -7.15665836e-02]\n",
      " [-1.93989416e-03  9.98462508e-01 -5.53950742e-02 -7.22810452e-02]\n",
      " [ 4.65393241e-02  5.54252088e-02  9.97377614e-01  2.36659732e+00]\n",
      " [ 0.00000000e+00  0.00000000e+00  0.00000000e+00  1.00000000e+00]]\n",
      "\n",
      "image_path =  /media/ferdyan/LocalDiskE/Hasil/dataset/Final/7//Images/0059.png\n",
      "T_pr =  [[ 9.98677353e-01  1.15051043e-03 -5.14051419e-02 -7.34744628e-02]\n",
      " [-4.12830519e-03  9.98316037e-01 -5.78597820e-02 -7.27843083e-02]\n",
      " [ 5.12520854e-02  5.79953817e-02  9.97000355e-01  2.38171969e+00]\n",
      " [ 0.00000000e+00  0.00000000e+00  0.00000000e+00  1.00000000e+00]]\n",
      "\n",
      "image_path =  /media/ferdyan/LocalDiskE/Hasil/dataset/Final/7//Images/0060.png\n",
      "T_pr =  [[ 9.98473108e-01  4.31076134e-06 -5.52425833e-02 -7.61247522e-02]\n",
      " [-3.24354648e-03  9.98279236e-01 -5.85475026e-02 -7.48714846e-02]\n",
      " [ 5.51473449e-02  5.86372125e-02  9.96754934e-01  2.41437596e+00]\n",
      " [ 0.00000000e+00  0.00000000e+00  0.00000000e+00  1.00000000e+00]]\n",
      "\n",
      "image_path =  /media/ferdyan/LocalDiskE/Hasil/dataset/Final/7//Images/0061.png\n",
      "T_pr =  [[ 9.98195645e-01  8.01142349e-04 -6.00422026e-02 -7.80237731e-02]\n",
      " [-4.43237853e-03  9.98166138e-01 -6.03698986e-02 -7.54942348e-02]\n",
      " [ 5.98838009e-02  6.05270208e-02  9.96368607e-01  2.43178099e+00]\n",
      " [ 0.00000000e+00  0.00000000e+00  0.00000000e+00  1.00000000e+00]]\n",
      "\n",
      "image_path =  /media/ferdyan/LocalDiskE/Hasil/dataset/Final/7//Images/0062.png\n",
      "T_pr =  [[ 9.97919949e-01  1.29566772e-03 -6.44541835e-02 -8.09208660e-02]\n",
      " [-5.31366446e-03  9.98049038e-01 -6.22070786e-02 -7.68882524e-02]\n",
      " [ 6.42479076e-02  6.24200951e-02  9.95979877e-01  2.45663005e+00]\n",
      " [ 0.00000000e+00  0.00000000e+00  0.00000000e+00  1.00000000e+00]]\n",
      "\n",
      "image_path =  /media/ferdyan/LocalDiskE/Hasil/dataset/Final/7//Images/0063.png\n",
      "T_pr =  [[ 9.97561946e-01  1.80704437e-03 -6.97649875e-02 -8.37689311e-02]\n",
      " [-6.18844988e-03  9.98017065e-01 -6.26379242e-02 -7.87954525e-02]\n",
      " [ 6.95135312e-02  6.29168734e-02  9.95594918e-01  2.48625756e+00]\n",
      " [ 0.00000000e+00  0.00000000e+00  0.00000000e+00  1.00000000e+00]]\n",
      "\n",
      "image_path =  /media/ferdyan/LocalDiskE/Hasil/dataset/Final/7//Images/0064.png\n",
      "T_pr =  [[ 9.97140496e-01  6.02090096e-04 -7.55693276e-02 -9.20367496e-02]\n",
      " [-5.41347866e-03  9.97968362e-01 -6.34804190e-02 -8.67671091e-02]\n",
      " [ 7.53776440e-02  6.37079268e-02  9.95117819e-01  2.58984770e+00]\n",
      " [ 0.00000000e+00  0.00000000e+00  0.00000000e+00  1.00000000e+00]]\n",
      "\n",
      "image_path =  /media/ferdyan/LocalDiskE/Hasil/dataset/Final/7//Images/0065.png\n",
      "T_pr =  [[ 9.96777080e-01  1.52662931e-03 -8.02078508e-02 -9.50637175e-02]\n",
      " [-6.79901903e-03  9.97829217e-01 -6.55025964e-02 -8.79934933e-02]\n",
      " [ 7.99337982e-02  6.58367672e-02  9.94623573e-01  2.61155024e+00]\n",
      " [ 0.00000000e+00  0.00000000e+00  0.00000000e+00  1.00000000e+00]]\n",
      "\n",
      "image_path =  /media/ferdyan/LocalDiskE/Hasil/dataset/Final/7//Images/0066.png\n",
      "T_pr =  [[ 9.96407935e-01  1.99699650e-03 -8.46599861e-02 -9.80130251e-02]\n",
      " [-7.68107363e-03  9.97732275e-01 -6.68678703e-02 -8.89799019e-02]\n",
      " [ 8.43345176e-02  6.72779124e-02  9.94163608e-01  2.62932303e+00]\n",
      " [ 0.00000000e+00  0.00000000e+00  0.00000000e+00  1.00000000e+00]]\n",
      "\n",
      "image_path =  /media/ferdyan/LocalDiskE/Hasil/dataset/Final/7//Images/0067.png\n",
      "T_pr =  [[ 9.95917379e-01  2.23313562e-03 -9.02424530e-02 -1.04307064e-01]\n",
      " [-8.44086295e-03  9.97617692e-01 -6.84667571e-02 -9.31942419e-02]\n",
      " [ 8.98746264e-02  6.89489122e-02  9.93563533e-01  2.68236399e+00]\n",
      " [ 0.00000000e+00  0.00000000e+00  0.00000000e+00  1.00000000e+00]]\n",
      "\n",
      "image_path =  /media/ferdyan/LocalDiskE/Hasil/dataset/Final/7//Images/0068.png\n",
      "T_pr =  [[ 9.95200320e-01  2.46663003e-03 -9.78279830e-02 -1.10420843e-01]\n",
      " [-9.33279896e-03  9.97518002e-01 -6.97910695e-02 -9.72532262e-02]\n",
      " [ 9.74130750e-02  7.03690618e-02  9.92753127e-01  2.73135911e+00]\n",
      " [ 0.00000000e+00  0.00000000e+00  0.00000000e+00  1.00000000e+00]]\n",
      "\n",
      "image_path =  /media/ferdyan/LocalDiskE/Hasil/dataset/Final/7//Images/0069.png\n",
      "T_pr =  [[ 9.94460293e-01  1.78763907e-03 -1.05097980e-01 -1.19447888e-01]\n",
      " [-9.24415498e-03  9.97468685e-01 -7.05042452e-02 -1.03696381e-01]\n",
      " [ 1.04705955e-01  7.10851739e-02  9.91959391e-01  2.80499509e+00]\n",
      " [ 0.00000000e+00  0.00000000e+00  0.00000000e+00  1.00000000e+00]]\n",
      "\n",
      "image_path =  /media/ferdyan/LocalDiskE/Hasil/dataset/Final/7//Images/0070.png\n",
      "T_pr =  [[ 9.93458843e-01  2.06682358e-03 -1.14171996e-01 -1.29334252e-01]\n",
      " [-1.03624662e-02  9.97342633e-01 -7.21137548e-02 -1.09890624e-01]\n",
      " [ 1.13719594e-01  7.28251143e-02  9.90840159e-01  2.87474734e+00]\n",
      " [ 0.00000000e+00  0.00000000e+00  0.00000000e+00  1.00000000e+00]]\n",
      "\n",
      "image_path =  /media/ferdyan/LocalDiskE/Hasil/dataset/Final/7//Images/0071.png\n",
      "T_pr =  [[ 9.92418516e-01  1.40766903e-03 -1.22896402e-01 -1.39842528e-01]\n",
      " [-1.04207233e-02  9.97297501e-01 -7.27269199e-02 -1.16405294e-01]\n",
      " [ 1.22461937e-01  7.34561749e-02  9.89751080e-01  2.94644915e+00]\n",
      " [ 0.00000000e+00  0.00000000e+00  0.00000000e+00  1.00000000e+00]]\n",
      "\n",
      "image_path =  /media/ferdyan/LocalDiskE/Hasil/dataset/Final/7//Images/0072.png\n",
      "T_pr =  [[ 9.91245398e-01 -9.47453510e-05 -1.32032316e-01 -1.58821826e-01]\n",
      " [-9.67165252e-03  9.97261136e-01 -7.33266570e-02 -1.28031297e-01]\n",
      " [ 1.31677680e-01  7.39616439e-02  9.88529495e-01  3.07723797e+00]\n",
      " [ 0.00000000e+00  0.00000000e+00  0.00000000e+00  1.00000000e+00]]\n",
      "\n",
      "image_path =  /media/ferdyan/LocalDiskE/Hasil/dataset/Final/7//Images/0073.png\n"
     ]
    },
    {
     "name": "stdout",
     "output_type": "stream",
     "text": [
      "T_pr =  [[ 9.89927602e-01 -2.65221366e-04 -1.41573927e-01 -1.72118113e-01]\n",
      " [-1.04285199e-02  9.97144987e-01 -7.47875191e-02 -1.35388911e-01]\n",
      " [ 1.41189601e-01  7.55105990e-02  9.87098536e-01  3.15692479e+00]\n",
      " [ 0.00000000e+00  0.00000000e+00  0.00000000e+00  1.00000000e+00]]\n",
      "\n",
      "image_path =  /media/ferdyan/LocalDiskE/Hasil/dataset/Final/7//Images/0074.png\n",
      "T_pr =  [[ 9.88893413e-01 -1.17665281e-03 -1.48621483e-01 -1.82647227e-01]\n",
      " [-1.02471562e-02  9.97049387e-01 -7.60760760e-02 -1.40587296e-01]\n",
      " [ 1.48272514e-01  7.67540398e-02  9.85963428e-01  3.21264643e+00]\n",
      " [ 0.00000000e+00  0.00000000e+00  0.00000000e+00  1.00000000e+00]]\n",
      "\n",
      "image_path =  /media/ferdyan/LocalDiskE/Hasil/dataset/Final/7//Images/0075.png\n",
      "T_pr =  [[ 9.87433116e-01 -1.25006580e-03 -1.58032220e-01 -1.97499344e-01]\n",
      " [-1.12621265e-02  9.96869789e-01 -7.82546655e-02 -1.48038747e-01]\n",
      " [ 1.57635409e-01  7.90509863e-02  9.84328115e-01  3.28931687e+00]\n",
      " [ 0.00000000e+00  0.00000000e+00  0.00000000e+00  1.00000000e+00]]\n",
      "\n",
      "image_path =  /media/ferdyan/LocalDiskE/Hasil/dataset/Final/7//Images/0076.png\n",
      "T_pr =  [[ 9.86092437e-01 -2.41473329e-03 -1.66180139e-01 -2.11752202e-01]\n",
      " [-1.10684593e-02  9.96720375e-01 -8.01621299e-02 -1.55245229e-01]\n",
      " [ 1.65828746e-01  8.08865879e-02  9.82831640e-01  3.36159453e+00]\n",
      " [ 0.00000000e+00  0.00000000e+00  0.00000000e+00  1.00000000e+00]]\n",
      "\n",
      "image_path =  /media/ferdyan/LocalDiskE/Hasil/dataset/Final/7//Images/0077.png\n",
      "T_pr =  [[ 9.84610729e-01 -2.24675258e-03 -1.74747264e-01 -2.30849826e-01]\n",
      " [-1.23582713e-02  9.96518978e-01 -8.24449527e-02 -1.64334720e-01]\n",
      " [ 1.74324242e-01  8.33357195e-02  9.81155471e-01  3.45547801e+00]\n",
      " [ 0.00000000e+00  0.00000000e+00  0.00000000e+00  1.00000000e+00]]\n",
      "\n",
      "image_path =  /media/ferdyan/LocalDiskE/Hasil/dataset/Final/7//Images/0078.png\n",
      "T_pr =  [[ 0.98332231 -0.00393148 -0.18182896 -0.24470082]\n",
      " [-0.01143407  0.99645222 -0.08338012 -0.17082535]\n",
      " [ 0.18151172  0.08406854  0.9797887   3.52090653]\n",
      " [ 0.          0.          0.          1.        ]]\n",
      "\n",
      "image_path =  /media/ferdyan/LocalDiskE/Hasil/dataset/Final/7//Images/0079.png\n",
      "T_pr =  [[ 0.98160954 -0.0048022  -0.19083925 -0.27217635]\n",
      " [-0.01177904  0.99625507 -0.08565659 -0.18447562]\n",
      " [ 0.19053594  0.08632918  0.97787692  3.65048647]\n",
      " [ 0.          0.          0.          1.        ]]\n",
      "\n",
      "image_path =  /media/ferdyan/LocalDiskE/Hasil/dataset/Final/7//Images/0080.png\n",
      "T_pr =  [[ 0.98020258 -0.00424909 -0.19795158 -0.28382543]\n",
      " [-0.01337889  0.99606327 -0.0876295  -0.18951505]\n",
      " [ 0.19754468  0.08854299  0.97628695  3.69969704]\n",
      " [ 0.          0.          0.          1.        ]]\n",
      "\n",
      "image_path =  /media/ferdyan/LocalDiskE/Hasil/dataset/Final/7//Images/0081.png\n",
      "T_pr =  [[ 0.9788596  -0.00490185 -0.2044745  -0.29592054]\n",
      " [-0.01360535  0.99593806 -0.08900711 -0.19475609]\n",
      " [ 0.20408027  0.08990737  0.97481684  3.75038767]\n",
      " [ 0.          0.          0.          1.        ]]\n",
      "\n",
      "image_path =  /media/ferdyan/LocalDiskE/Hasil/dataset/Final/7//Images/0082.png\n",
      "T_pr =  [[ 0.97655941 -0.00571525 -0.21517195 -0.33643224]\n",
      " [-0.01428653  0.9957221  -0.09128727 -0.2142649 ]\n",
      " [ 0.21477322  0.09222147  0.97230015  3.92631983]\n",
      " [ 0.          0.          0.          1.        ]]\n",
      "\n",
      "image_path =  /media/ferdyan/LocalDiskE/Hasil/dataset/Final/7//Images/0083.png\n",
      "T_pr =  [[ 0.97527684 -0.00648979 -0.22089112 -0.34589381]\n",
      " [-0.01431453  0.9956142  -0.09245266 -0.21789971]\n",
      " [ 0.22052236  0.09332886  0.97090656  3.96188056]\n",
      " [ 0.          0.          0.          1.        ]]\n",
      "\n",
      "image_path =  /media/ferdyan/LocalDiskE/Hasil/dataset/Final/7//Images/0084.png\n",
      "T_pr =  [[ 0.9733978  -0.00814212 -0.22897675 -0.36867088]\n",
      " [-0.01376914  0.99548345 -0.0939318  -0.227947  ]\n",
      " [ 0.22870739  0.09458578  0.96888925  4.04932763]\n",
      " [ 0.          0.          0.          1.        ]]\n",
      "\n",
      "image_path =  /media/ferdyan/LocalDiskE/Hasil/dataset/Final/7//Images/0085.png\n",
      "T_pr =  [[ 0.97084655 -0.00727914 -0.239591   -0.37926196]\n",
      " [-0.01654518  0.99511992 -0.09727599 -0.23198326]\n",
      " [ 0.23912989  0.0984041   0.9659883   4.08714146]\n",
      " [ 0.          0.          0.          1.        ]]\n",
      "\n",
      "image_path =  /media/ferdyan/LocalDiskE/Hasil/dataset/Final/7//Images/0086.png\n",
      "T_pr =  [[ 0.96825934 -0.00910573 -0.24978144 -0.39480026]\n",
      " [-0.01593494  0.99505441 -0.09804514 -0.23839148]\n",
      " [ 0.24943891  0.09891335  0.96332565  4.14503073]\n",
      " [ 0.          0.          0.          1.        ]]\n",
      "\n",
      "image_path =  /media/ferdyan/LocalDiskE/Hasil/dataset/Final/7//Images/0087.png\n",
      "T_pr =  [[ 0.96553221 -0.01140841 -0.26003313 -0.44045547]\n",
      " [-0.01501133  0.99493541 -0.09938947 -0.25817243]\n",
      " [ 0.25985005  0.09986715  0.96047095  4.31137742]\n",
      " [ 0.          0.          0.          1.        ]]\n",
      "\n",
      "image_path =  /media/ferdyan/LocalDiskE/Hasil/dataset/Final/7//Images/0088.png\n",
      "T_pr =  [[ 0.9629744  -0.01212523 -0.26931956 -0.45054101]\n",
      " [-0.01580994  0.99472887 -0.10131416 -0.26165233]\n",
      " [ 0.26912841  0.10182084  0.95770679  4.34635162]\n",
      " [ 0.          0.          0.          1.        ]]\n",
      "\n",
      "image_path =  /media/ferdyan/LocalDiskE/Hasil/dataset/Final/7//Images/0089.png\n",
      "T_pr =  [[ 0.95976308 -0.01350637 -0.28048557 -0.4720133 ]\n",
      " [-0.01615139  0.99453396 -0.10315699 -0.27058741]\n",
      " [ 0.28034572  0.10353648  0.95429888  4.41991264]\n",
      " [ 0.          0.          0.          1.        ]]\n",
      "\n",
      "image_path =  /media/ferdyan/LocalDiskE/Hasil/dataset/Final/7//Images/0090.png\n",
      "T_pr =  [[ 0.95653947 -0.01340075 -0.29129436 -0.48951761]\n",
      " [-0.01812757  0.99427875 -0.10526748 -0.27730102]\n",
      " [ 0.29103847  0.10597294  0.95082395  4.47603372]\n",
      " [ 0.          0.          0.          1.        ]]\n",
      "\n",
      "image_path =  /media/ferdyan/LocalDiskE/Hasil/dataset/Final/7//Images/0091.png\n",
